dataset: concrete
seed: 0
threshold_pct: 5.0
method: greedy
n_train: 824
n_test: 206
trivial:
  rmse: 16.29062592339892
  nlpd: 4.210459811922529
exact_gpr:
  rmse: 5.631747038052379
  nlpd: 3.09741078590338
thresholds:
  rmse: 6.164690982319706
  nlpd: 3.1530632372043375
optimal_m:
  rmse: 351
  nlpd: 371
