dataset: diabetes
seed: 0
threshold_pct: 5.0
method: train
num_classes: 2
n_train: 614
n_test: 154
trivial:
  errp: 0.3051948051948052
  nlpd: 0.6218697629436012
full_svgp:
  errp: 0.19480519480519481
  nlpd: 0.43810808339787677
thresholds:
  errp: 0.20032467532467532
  nlpd: 0.447296167375163
optimal_m:
  errp: 151
  nlpd: 152
